# sgb128_dms.txt
#
#  Created by DMS_WRITE.
#
#  Latitude, Longitude in degrees, minutes, seconds
#  Number of points N is    128
#
   41    5   59 N     80   39    0 W
   42   52   48 N     97   23   23 W
   46   35   59 N    120   30   36 W
   42   16   12 N     71   48    0 W
   43   37   48 N     89   46   11 W
   36    5   59 N     80   15    0 W
   49   52   48 N     97    9    0 W
   39   11   23 N     78    9   36 W
   34   14   24 N     77   55   11 W
   39   45    0 N     75   33    0 W
   48    9    0 N    103   37   12 W
   41   15    0 N     77    0    0 W
   37   40   48 N     82   16   47 W
   33   54    0 N     98   29   23 W
   37   41   23 N     97   20   23 W
   40    4   11 N     80   43   12 W
   26   43   11 N     80    3    0 W
   47   25   11 N    120   19   11 W
   41   25   11 N    122   23   23 W
   31   13   11 N     82   20   59 W
   44   57   35 N     89   38   23 W
   42   21   36 N     87   49   48 W
   44   54    0 N     97    6   36 W
   43   58   47 N     75   55   11 W
   42   30    0 N     92   20   23 W
   41   32   59 N     73    3    0 W
   38   53   23 N     77    1   47 W
   41   50   59 N     79    8   23 W
   46    4   11 N    118   19   48 W
   31   32   59 N     97    8   23 W
   38   40   48 N     87   31   47 W
   28   48   35 N     97    0   36 W
   32   20   59 N     90   52   47 W
   49   16   12 N    123    7   12 W
   46   55   11 N     98    0   36 W
   30   49   47 N     83   16   47 W
   43    6   36 N     75   13   48 W
   39   54    0 N     79   43   48 W
   32   20   59 N     95   18    0 W
   42   33   36 N    114   28   12 W
   33   12   35 N     87   34   11 W
   34   15   35 N     88   42   35 W
   36    9   35 N     95   54   36 W
   32   13   12 N    110   58   12 W
   37   10   11 N    104   30   36 W
   40   13   47 N     74   46   11 W
   44   45   35 N     85   37   47 W
   43   39    0 N     79   22   47 W
   39    2   59 N     95   40   11 W
   41   39    0 N     83   32   24 W
   33   25   48 N     94    3    0 W
   39   28   12 N     87   24   36 W
   27   57    0 N     82   26   59 W
   30   27    0 N     84   16   47 W
   47   14   24 N    122   25   48 W
   43    2   59 N     76    9    0 W
   32   35   59 N     82   20   23 W
   33   55   11 N     80   20   59 W
   40   59   24 N     75   11   24 W
   37   57   35 N    121   17   24 W
   44   31   12 N     89   34   11 W
   40   21   36 N     80   37   12 W
   40   37   11 N    103   13   12 W
   38    9    0 N     79    4   11 W
   39   55   11 N     83   48   35 W
   37   13   12 N     93   17   24 W
   42    5   59 N     72   35   23 W
   39   47   59 N     89   39    0 W
   47   40   11 N    117   24   36 W
   41   40   48 N     86   15    0 W
   43   32   24 N     96   43   48 W
   42   29   24 N     96   23   23 W
   32   30   35 N     93   45    0 W
   33   38   23 N     96   36   36 W
   44   47   59 N    106   57   35 W
   35   13   47 N     96   40   48 W
   32   25   11 N     87    1   11 W
   38   42   35 N     93   13   48 W
   47   35   59 N    122   19   48 W
   41   24   35 N     75   40   11 W
   41   52   11 N    103   39   36 W
   42   49   11 N     73   56   59 W
   32    4   48 N     81    5   23 W
   46   29   24 N     84   20   59 W
   27   20   24 N     82   31   47 W
   38   26   23 N    122   43   12 W
   35   40   48 N    105   56   59 W
   34   25   11 N    119   41   59 W
   33   45   35 N    117   52   12 W
   37   20   24 N    121   52   47 W
   37   46   47 N    122   25   11 W
   41   27    0 N     82   42   35 W
   32   42   35 N    117    9    0 W
   34    6   36 N    117   18   35 W
   29   25   12 N     98   30    0 W
   31   27   35 N    100   26   24 W
   40   45   35 N    111   52   47 W
   38   22   11 N     75   35   59 W
   36   40   11 N    121   39    0 W
   38   50   24 N     97   36   36 W
   38   31   47 N    106    0    0 W
   44   56   23 N    123    1   47 W
   44   57    0 N     93    5   59 W
   38   37   11 N     90   11   24 W
   39   46   12 N     94   50   23 W
   42    5   59 N     86   28   48 W
   44   25   11 N     72    1   11 W
   45   34   11 N     94   10   11 W
   29   53   23 N     81   19   11 W
   43   25   48 N     83   56   24 W
   38   35   24 N    121   29   23 W
   43   36   36 N     72   58   12 W
   33   24    0 N    104   31   47 W
   35   56   23 N     77   48    0 W
   41   35   24 N    109   13   48 W
   42   16   12 N     89    5   59 W
   43    9   35 N     77   36   36 W
   44    1   12 N     92   27   35 W
   37   16   12 N     79   56   24 W
   37   32   24 N     77   26   59 W
   39   49   48 N     84   53   23 W
   38   46   12 N    112    5   23 W
   45   38   23 N     89   25   11 W
   39   31   12 N    119   48   35 W
   50   25   11 N    104   39    0 W
   40   10   48 N    122   14   23 W
   40   19   48 N     75   55   48 W
   41    9   35 N     81   14   23 W

